%YAML:1.0
---
rotMat: !!opencv-matrix
   rows: 3
   cols: 3
   dt: d
   data: [ 6.5663456916809082e-02, -6.7028105258941650e-03,
       9.9781924486160278e-01, -6.4684629440307617e-01,
       -7.6170015335083008e-01, 3.7450253963470459e-02,
       7.5978821516036987e-01, -6.4789479970932007e-01,
       -5.4351449012756348e-02 ]
position: [ 1.1237216590527055e+00, 3.9259380171268930e+01,
    6.1265930523587429e+02 ]
